[20, 20.3333333333333, 20.6666666666667, 21, 21.3333333333333, 
    21.6666666666667, 22, 22.3333333333333, 22.6666666666667, 23, 
    23.3333333333333, 23.6666666666667, 24, 24.3333333333333, 
    24.6666666666667, 25, 25.3333333333333, 25.6666666666667, 26, 
    26.3333333333333, 26.6666666666667, 27, 27.3333333333333, 
    27.6666666666667, 28, 28.3333333333333, 28.6666666666667, 29, 
    29.3333333333333, 29.6666666666667, 30, 30.3333333333333, 
    30.6666666666667, 31, 31.3333333333333, 31.6666666666667, 32, 
    32.3333333333333, 32.6666666666667, 33, 33.3333333333333, 
    33.6666666666667, 34, 34.3333333333333, 34.6666666666667, 35, 
    35.3333333333333, 35.6666666666667, 36, 36.3333333333333, 
    36.6666666666667, 37, 37.3333333333333, 37.6666666666667, 38, 
    38.3333333333333, 38.6666666666667, 39, 39.3333333333333, 
    39.6666666666667, 40, 40.3333333333333, 40.6666666666667, 41, 
    41.3333333333333, 41.6666666666667, 42, 42.3333333333333, 
    42.6666666666667, 43, 43.3333333333333, 43.6666666666667, 44, 
    44.3333333333333, 44.6666666666667, 45, 45.3333333333333, 
    45.6666666666667, 46, 46.3333333333333, 46.6666666666667, 47, 
    47.3333333333333, 47.6666666666667, 48, 48.3333333333333, 
    48.6666666666667, 49, 49.3333333333333, 49.6666666666667, 50, 
    50.3333333333333, 50.6666666666667, 51, 51.3333333333333, 
    51.6666666666667, 52, 52.3333333333333, 52.6666666666667, 53, 
    53.3333333333333, 53.6666666666667, 54, 54.3333333333333, 
    54.6666666666667, 55, 55.3333333333333, 55.6666666666667, 56, 
    56.3333333333333, 56.6666666666667, 57, 57.3333333333333, 
    57.6666666666667, 58, 58.3333333333333, 58.6666666666667, 59, 
    59.3333333333333, 59.6666666666667, 60, 60.3333333333333, 
    60.6666666666667, 61, 61.3333333333333, 61.6666666666667, 62, 
    62.3333333333333, 62.6666666666667, 63, 63.3333333333333, 
    63.6666666666667, 64, 64.3333333333333, 64.6666666666667, 65, 
    65.3333333333333, 65.6666666666667, 66, 66.3333333333333, 
    66.6666666666667, 67, 67.3333333333333, 67.6666666666667, 68, 
    68.3333333333333, 68.6666666666667, 69, 69.3333333333333, 
    69.6666666666667, 70, 70.3333333333333, 70.6666666666667, 71, 
    71.3333333333333, 71.6666666666667, 72, 72.3333333333333, 
    72.6666666666667, 73, 73.3333333333333, 73.6666666666667, 74, 
    74.3333333333333, 74.6666666666667, 75, 75.3333333333333, 
    75.6666666666667, 76, 76.3333333333333, 76.6666666666667, 77, 
    77.3333333333333, 77.6666666666667, 78, 78.3333333333333, 
    78.6666666666667, 79, 79.3333333333333, 79.6666666666667, 80, 
    80.3333333333333, 80.6666666666667, 81, 81.3333333333333, 
    81.6666666666667, 82, 82.3333333333333, 82.6666666666667, 83, 
    83.3333333333333, 83.6666666666667, 84, 84.3333333333333, 
    84.6666666666667, 85, 85.3333333333333, 85.6666666666667, 86, 
    86.3333333333333, 86.6666666666667, 87, 87.3333333333333, 
    87.6666666666667, 88, 88.3333333333333, 88.6666666666667, 89, 
    89.3333333333333, 89.6666666666667, 90, 90.3333333333333, 
    90.6666666666667, 91, 91.3333333333333, 91.6666666666667, 92, 
    92.3333333333333, 92.6666666666667, 93, 93.3333333333333, 
    93.6666666666667, 94, 94.3333333333333, 94.6666666666667, 95, 
    95.3333333333333, 95.6666666666667, 96, 96.3333333333333, 
    96.6666666666667, 97, 97.3333333333333, 97.6666666666667, 98, 
    98.3333333333333, 98.6666666666667, 99, 99.3333333333333, 
    99.6666666666667, 100, 100.333333333333, 100.666666666667, 101, 
    101.333333333333, 101.666666666667, 102, 102.333333333333, 
    102.666666666667, 103, 103.333333333333, 103.666666666667, 104, 
    104.333333333333, 104.666666666667, 105, 105.333333333333, 
    105.666666666667, 106, 106.333333333333, 106.666666666667, 107, 
    107.333333333333, 107.666666666667, 108, 108.333333333333, 
    108.666666666667, 109, 109.333333333333, 109.666666666667, 110, 
    110.333333333333, 110.666666666667, 111, 111.333333333333, 
    111.666666666667, 112, 112.333333333333, 112.666666666667, 113, 
    113.333333333333, 113.666666666667, 114, 114.333333333333, 
    114.666666666667, 115, 115.333333333333, 115.666666666667, 116, 
    116.333333333333, 116.666666666667, 117, 117.333333333333, 
    117.666666666667, 118, 118.333333333333, 118.666666666667, 119, 
    119.333333333333, 119.666666666667, 120, 120.333333333333, 
    120.666666666667, 121, 121.333333333333, 121.666666666667, 122, 
    122.333333333333, 122.666666666667, 123, 123.333333333333, 
    123.666666666667, 124, 124.333333333333, 124.666666666667, 125, 
    125.333333333333, 125.666666666667, 126, 126.333333333333, 
    126.666666666667, 127, 127.333333333333, 127.666666666667, 128, 
    128.333333333333, 128.666666666667, 129, 129.333333333333, 
    129.666666666667, 130, 130.333333333333, 130.666666666667, 131, 
    131.333333333333, 131.666666666667, 132, 132.333333333333, 
    132.666666666667, 133, 133.333333333333, 133.666666666667, 134, 
    134.333333333333, 134.666666666667, 135, 135.333333333333, 
    135.666666666667, 136, 136.333333333333, 136.666666666667, 137, 
    137.333333333333, 137.666666666667, 138, 138.333333333333, 
    138.666666666667, 139, 139.333333333333, 139.666666666667, 140, 
    140.333333333333, 140.666666666667, 141, 141.333333333333, 
    141.666666666667, 142, 142.333333333333, 142.666666666667, 143, 
    143.333333333333, 143.666666666667, 144, 144.333333333333, 
    144.666666666667, 145, 145.333333333333, 145.666666666667, 146, 
    146.333333333333, 146.666666666667, 147, 147.333333333333, 
    147.666666666667, 148, 148.333333333333, 148.666666666667, 149, 
    149.333333333333, 149.666666666667, 150, 150.333333333333, 
    150.666666666667, 151, 151.333333333333, 151.666666666667, 152, 
    152.333333333333, 152.666666666667, 153, 153.333333333333, 
    153.666666666667, 154, 154.333333333333, 154.666666666667, 155, 
    155.333333333333, 155.666666666667, 156, 156.333333333333, 
    156.666666666667, 157, 157.333333333333, 157.666666666667, 158, 
    158.333333333333, 158.666666666667, 159, 159.333333333333, 
    159.666666666667, 160, 160.333333333333, 160.666666666667, 161, 
    161.333333333333, 161.666666666667, 162, 162.333333333333, 
    162.666666666667, 163, 163.333333333333, 163.666666666667, 164, 
    164.333333333333, 164.666666666667, 165, 165.333333333333, 
    165.666666666667, 166, 166.333333333333, 166.666666666667, 167, 
    167.333333333333, 167.666666666667, 168, 168.333333333333, 
    168.666666666667, 169, 169.333333333333, 169.666666666667, 170, 
    170.333333333333, 170.666666666667, 171, 171.333333333333, 
    171.666666666667, 172, 172.333333333333, 172.666666666667, 173, 
    173.333333333333, 173.666666666667, 174, 174.333333333333, 
    174.666666666667, 175, 175.333333333333, 175.666666666667, 176, 
    176.333333333333, 176.666666666667, 177, 177.333333333333, 
    177.666666666667, 178, 178.333333333333, 178.666666666667, 179, 
    179.333333333333, 179.666666666667, 180, 180.333333333333, 
    180.666666666667, 181, 181.333333333333, 181.666666666667, 182, 
    182.333333333333, 182.666666666667, 183, 183.333333333333, 
    183.666666666667, 184, 184.333333333333, 184.666666666667, 185, 
    185.333333333333, 185.666666666667, 186, 186.333333333333, 
    186.666666666667, 187, 187.333333333333, 187.666666666667, 188, 
    188.333333333333, 188.666666666667, 189, 189.333333333333, 
    189.666666666667, 190, 190.333333333333, 190.666666666667, 191, 
    191.333333333333, 191.666666666667, 192, 192.333333333333, 
    192.666666666667, 193, 193.333333333333, 193.666666666667, 194, 
    194.333333333333, 194.666666666667, 195, 195.333333333333, 
    195.666666666667, 196, 196.333333333333, 196.666666666667, 197, 
    197.333333333333, 197.666666666667, 198, 198.333333333333, 
    198.666666666667, 199, 199.333333333333, 199.666666666667, 200, 
    200.333333333333, 200.666666666667, 201, 201.333333333333, 
    201.666666666667, 202, 202.333333333333, 202.666666666667, 203, 
    203.333333333333, 203.666666666667, 204, 204.333333333333, 
    204.666666666667, 205, 205.333333333333, 205.666666666667, 206, 
    206.333333333333, 206.666666666667, 207, 207.333333333333, 
    207.666666666667, 208, 208.333333333333, 208.666666666667, 209, 
    209.333333333333, 209.666666666667, 210, 210.333333333333, 
    210.666666666667, 211, 211.333333333333, 211.666666666667, 212, 
    212.333333333333, 212.666666666667, 213, 213.333333333333, 
    213.666666666667, 214, 214.333333333333, 214.666666666667, 215, 
    215.333333333333, 215.666666666667, 216, 216.333333333333, 
    216.666666666667, 217, 217.333333333333, 217.666666666667, 218, 
    218.333333333333, 218.666666666667, 219, 219.333333333333, 
    219.666666666667, 220, 220.333333333333, 220.666666666667, 221, 
    221.333333333333, 221.666666666667, 222, 222.333333333333, 
    222.666666666667, 223, 223.333333333333, 223.666666666667, 224, 
    224.333333333333, 224.666666666667, 225, 225.333333333333, 
    225.666666666667, 226, 226.333333333333, 226.666666666667, 227, 
    227.333333333333, 227.666666666667, 228, 228.333333333333, 
    228.666666666667, 229, 229.333333333333, 229.666666666667, 230, 
    230.333333333333, 230.666666666667, 231, 231.333333333333, 
    231.666666666667, 232, 232.333333333333, 232.666666666667, 233, 
    233.333333333333, 233.666666666667, 234, 234.333333333333, 
    234.666666666667, 235, 235.333333333333, 235.666666666667, 236, 
    236.333333333333, 236.666666666667, 237, 237.333333333333, 
    237.666666666667, 238, 238.333333333333, 238.666666666667, 239, 
    239.333333333333, 239.666666666667, 240, 240.333333333333, 
    240.666666666667, 241, 241.333333333333, 241.666666666667, 242, 
    242.333333333333, 242.666666666667, 243, 243.333333333333, 
    243.666666666667, 244, 244.333333333333, 244.666666666667, 245, 
    245.333333333333, 245.666666666667, 246, 246.333333333333, 
    246.666666666667, 247, 247.333333333333, 247.666666666667, 248, 
    248.333333333333, 248.666666666667, 249, 249.333333333333, 
    249.666666666667, 250, 250.333333333333, 250.666666666667, 251, 
    251.333333333333, 251.666666666667, 252, 252.333333333333, 
    252.666666666667, 253, 253.333333333333, 253.666666666667, 254, 
    254.333333333333, 254.666666666667, 255, 255.333333333333, 
    255.666666666667, 256, 256.333333333333, 256.666666666667, 257, 
    257.333333333333, 257.666666666667, 258, 258.333333333333, 
    258.666666666667, 259, 259.333333333333, 259.666666666667, 260, 
    260.333333333333, 260.666666666667, 261, 261.333333333333, 
    261.666666666667, 262, 262.333333333333, 262.666666666667, 263, 
    263.333333333333, 263.666666666667, 264, 264.333333333333, 
    264.666666666667, 265, 265.333333333333, 265.666666666667, 266, 
    266.333333333333, 266.666666666667, 267, 267.333333333333, 
    267.666666666667, 268, 268.333333333333, 268.666666666667, 269, 
    269.333333333333, 269.666666666667, 270, 270.333333333333, 
    270.666666666667, 271, 271.333333333333, 271.666666666667, 272, 
    272.333333333333, 272.666666666667, 273, 273.333333333333, 
    273.666666666667, 274, 274.333333333333, 274.666666666667, 275, 
    275.333333333333, 275.666666666667, 276, 276.333333333333, 
    276.666666666667, 277, 277.333333333333, 277.666666666667, 278, 
    278.333333333333, 278.666666666667, 279, 279.333333333333, 
    279.666666666667, 280, 280.333333333333, 280.666666666667, 281, 
    281.333333333333, 281.666666666667, 282, 282.333333333333, 
    282.666666666667, 283, 283.333333333333, 283.666666666667, 284, 
    284.333333333333, 284.666666666667, 285, 285.333333333333, 
    285.666666666667, 286, 286.333333333333, 286.666666666667, 287, 
    287.333333333333, 287.666666666667, 288, 288.333333333333, 
    288.666666666667, 289, 289.333333333333, 289.666666666667, 290, 
    290.333333333333, 290.666666666667, 291, 291.333333333333, 
    291.666666666667, 292, 292.333333333333, 292.666666666667, 293, 
    293.333333333333, 293.666666666667, 294, 294.333333333333, 
    294.666666666667, 295, 295.333333333333, 295.666666666667, 296, 
    296.333333333333, 296.666666666667, 297, 297.333333333333, 
    297.666666666667, 298, 298.333333333333, 298.666666666667, 299, 
    299.333333333333, 299.666666666667, 300, 300.333333333333, 
    300.666666666667, 301, 301.333333333333, 301.666666666667, 302, 
    302.333333333333, 302.666666666667, 303, 303.333333333333, 
    303.666666666667, 304, 304.333333333333, 304.666666666667, 305, 
    305.333333333333, 305.666666666667, 306, 306.333333333333, 
    306.666666666667, 307, 307.333333333333, 307.666666666667, 308, 
    308.333333333333, 308.666666666667, 309, 309.333333333333, 
    309.666666666667, 310, 310.333333333333, 310.666666666667, 311, 
    311.333333333333, 311.666666666667, 312, 312.333333333333, 
    312.666666666667, 313, 313.333333333333, 313.666666666667, 314, 
    314.333333333333, 314.666666666667, 315, 315.333333333333, 
    315.666666666667, 316, 316.333333333333, 316.666666666667, 317, 
    317.333333333333, 317.666666666667, 318, 318.333333333333, 
    318.666666666667, 319, 319.333333333333, 319.666666666667, 320, 
    320.333333333333, 320.666666666667, 321, 321.333333333333, 
    321.666666666667, 322, 322.333333333333, 322.666666666667, 323, 
    323.333333333333, 323.666666666667, 324, 324.333333333333, 
    324.666666666667, 325, 325.333333333333, 325.666666666667, 326, 
    326.333333333333, 326.666666666667, 327, 327.333333333333, 
    327.666666666667, 328, 328.333333333333, 328.666666666667, 329, 
    329.333333333333, 329.666666666667, 330, 330.333333333333, 
    330.666666666667, 331, 331.333333333333, 331.666666666667, 332, 
    332.333333333333, 332.666666666667, 333, 333.333333333333, 
    333.666666666667, 334, 334.333333333333, 334.666666666667, 335, 
    335.333333333333, 335.666666666667, 336, 336.333333333333, 
    336.666666666667, 337, 337.333333333333, 337.666666666667, 338, 
    338.333333333333, 338.666666666667, 339, 339.333333333333, 
    339.666666666667, 340, 340.333333333333, 340.666666666667, 341, 
    341.333333333333, 341.666666666667, 342, 342.333333333333, 
    342.666666666667, 343, 343.333333333333, 343.666666666667, 344, 
    344.333333333333, 344.666666666667, 345, 345.333333333333, 
    345.666666666667, 346, 346.333333333333, 346.666666666667, 347, 
    347.333333333333, 347.666666666667, 348, 348.333333333333, 
    348.666666666667, 349, 349.333333333333, 349.666666666667, 350, 
    350.333333333333, 350.666666666667, 351, 351.333333333333, 
    351.666666666667, 352, 352.333333333333, 352.666666666667, 353, 
    353.333333333333, 353.666666666667, 354, 354.333333333333, 
    354.666666666667, 355, 355.333333333333, 355.666666666667, 356, 
    356.333333333333, 356.666666666667, 357, 357.333333333333, 
    357.666666666667, 358, 358.333333333333, 358.666666666667, 359, 
    359.333333333333, 359.666666666667, 360, 360.333333333333, 
    360.666666666667, 361, 361.333333333333, 361.666666666667, 362, 
    362.333333333333, 362.666666666667, 363, 363.333333333333, 
    363.666666666667, 364, 364.333333333333, 364.666666666667, 365, 
    365.333333333333, 365.666666666667, 366, 366.333333333333, 
    366.666666666667, 367, 367.333333333333, 367.666666666667, 368, 
    368.333333333333, 368.666666666667, 369, 369.333333333333, 
    369.666666666667, 370, 370.333333333333, 370.666666666667, 371, 
    371.333333333333, 371.666666666667, 372, 372.333333333333, 
    372.666666666667, 373, 373.333333333333, 373.666666666667, 374, 
    374.333333333333, 374.666666666667, 375, 375.333333333333, 
    375.666666666667, 376, 376.333333333333, 376.666666666667, 377, 
    377.333333333333, 377.666666666667, 378, 378.333333333333, 
    378.666666666667, 379, 379.333333333333, 379.666666666667, 380, 
    380.333333333333, 380.666666666667, 381, 381.333333333333, 
    381.666666666667, 382, 382.333333333333, 382.666666666667, 383, 
    383.333333333333, 383.666666666667, 384, 384.333333333333, 
    384.666666666667, 385, 385.333333333333, 385.666666666667, 386, 
    386.333333333333, 386.666666666667, 387, 387.333333333333, 
    387.666666666667, 388, 388.333333333333, 388.666666666667, 389, 
    389.333333333333, 389.666666666667, 390, 390.333333333333, 
    390.666666666667, 391, 391.333333333333, 391.666666666667, 392, 
    392.333333333333, 392.666666666667, 393, 393.333333333333, 
    393.666666666667, 394, 394.333333333333, 394.666666666667, 395, 
    395.333333333333, 395.666666666667, 396, 396.333333333333, 
    396.666666666667, 397, 397.333333333333, 397.666666666667, 398, 
    398.333333333333, 398.666666666667, 399, 399.333333333333, 
    399.666666666667, 400, 400.333333333333, 400.666666666667, 401, 
    401.333333333333, 401.666666666667, 402, 402.333333333333, 
    402.666666666667, 403, 403.333333333333, 403.666666666667, 404, 
    404.333333333333, 404.666666666667, 405, 405.333333333333, 
    405.666666666667, 406, 406.333333333333, 406.666666666667, 407, 
    407.333333333333, 407.666666666667, 408, 408.333333333333, 
    408.666666666667, 409, 409.333333333333, 409.666666666667, 410, 
    410.333333333333, 410.666666666667, 411, 411.333333333333, 
    411.666666666667, 412, 412.333333333333, 412.666666666667, 413, 
    413.333333333333, 413.666666666667, 414, 414.333333333333, 
    414.666666666667, 415, 415.333333333333, 415.666666666667, 416, 
    416.333333333333, 416.666666666667, 417, 417.333333333333, 
    417.666666666667, 418, 418.333333333333, 418.666666666667, 419, 
    419.333333333333, 419.666666666667, 420]